   0.0000000e+00   0.0000000e+00  -7.1054274e-15   0.0000000e+00   0.0000000e+00   0.0000000e+00
   1.4657075e-02   2.1610335e-02   7.2307087e-02   1.0787130e-03   3.0788761e-04   2.4679794e-05
   2.7910794e-02   8.3824466e-02   1.8247311e-01   1.1014642e-03   6.6127225e-04   1.2688908e-04
   2.2102026e-02  -4.4503422e-02   1.1835140e-01   1.6033257e-03   7.6819398e-04   4.6840132e-04
   2.2240717e-02   6.5732284e-02   1.8143087e-01   2.6391398e-03   8.4884586e-04   5.4961441e-04
   2.6168780e-02   5.2447229e-02   2.1049779e-01   3.2353641e-03   1.1028046e-03   5.7241867e-04
   1.8258751e-02  -6.4017066e-04   1.9750560e-01   3.6569166e-03   7.8402381e-04   9.6804319e-04
   2.4809079e-02   1.3114191e-01   2.2498320e-01   4.4523892e-03   8.4054079e-04   1.0701657e-03
   1.1605664e-02  -3.0087997e-02   1.2340677e-01   4.6938284e-03   7.6458333e-04   1.4605414e-03
   1.9214487e-02   1.4768093e-01   2.0591844e-01   5.5273716e-03   8.0594038e-04   1.3865997e-03
  -1.5392335e-02  -6.6994446e-02   6.9855952e-02   6.5006213e-03   5.6202579e-04   1.6237444e-03
   1.4247323e-02   1.8276895e-01   2.2694560e-01   6.1596022e-03   1.2020334e-03   1.8008095e-03
  -5.6328696e-03   2.1752397e-03   8.4706597e-02   6.4660481e-03   8.2569411e-04   1.7311929e-03
   1.0506373e-02   3.3495491e-02   1.5238478e-01   6.8457952e-03   1.5593928e-03   2.1820799e-03
   2.4381364e-02   9.3457794e-02   1.9910172e-01   7.0231516e-03   1.7609002e-03   1.7073632e-03
   3.4870011e-02   1.5345648e-01   2.2972284e-01   6.9634468e-03   1.3912382e-03   1.8532649e-03
   1.2810362e-02   1.3796117e-02  -5.4601299e-03   7.6020680e-03   5.1164260e-04   1.3494571e-03
   1.8352248e-02  -5.4862236e-02   6.3564879e-03   8.4945037e-03   1.0475319e-04   2.1593716e-03
   3.2019254e-02   1.9530052e-01   1.8947741e-01   8.1867395e-03   8.7265615e-04   2.1650015e-03
   1.5362662e-02  -4.5134826e-02   5.3895221e-02   8.9886735e-03   3.0923256e-04   2.2918605e-03
   1.1964828e-02   1.3000794e-01   1.1635875e-01   7.9180671e-03   1.6320624e-04   1.7593817e-03
   1.1840535e-02   5.0600210e-02   9.6968437e-02   8.6430768e-03   3.8377964e-04   1.6172222e-03
   9.3932037e-03   2.5385389e-02   1.2397662e-01   8.9504924e-03   9.7426920e-04   2.1502910e-03
   1.7259585e-02   2.3757459e-01   2.1377597e-01   9.8822898e-03   5.1485255e-04   1.8728230e-03
  -6.9941997e-03  -5.4831072e-03   1.4001761e-01   8.9849453e-03   9.3546886e-04   1.6142106e-03
  -4.6515668e-03   1.8595256e-01   2.2361771e-01   8.4571476e-03   9.0424046e-04   1.8343632e-03
  -1.1117986e-02   8.4718885e-02   1.5649988e-01   8.9002477e-03   1.1504337e-03   1.9327843e-03
  -9.4215566e-03   2.1556461e-01   2.4432603e-01   8.1292309e-03   1.0788897e-03   1.6251605e-03
  -2.6743167e-02   1.0148440e-01   1.5661506e-01   8.1961342e-03   1.2042594e-03   1.5630553e-03
  -2.0151208e-02   1.6648327e-01   2.1181899e-01   7.7391849e-03   1.1062736e-03   1.2773506e-03
  -1.5310781e-02   2.0763019e-01   2.3819396e-01   7.4353228e-03   1.0415353e-03   1.3237570e-03
  -2.9010660e-02   8.7388890e-02   1.6257726e-01   6.7759683e-03   8.0808701e-04   1.1326854e-03
  -2.0795194e-02   2.6736711e-01   2.5154339e-01   7.7835858e-03   4.6671666e-04   5.2015647e-04
  -3.0145224e-02   6.9205787e-02   1.6667185e-01   7.3059664e-03  -3.8839950e-05   7.5182377e-04
   5.2362906e-03   3.3363474e-01   3.5807728e-01   6.8336642e-03   7.2028922e-04   9.4161721e-04
  -2.0540778e-03   1.8574629e-01   2.6868582e-01   6.9505742e-03   3.0412552e-04   3.6773523e-05
   4.8712083e-03   6.8025773e-03   1.7561881e-01   6.8695349e-03  -2.2116729e-05   3.3493098e-04
   7.3569811e-03   1.6365376e-01   3.2381100e-01   6.5973858e-03   2.0342244e-04   3.8060149e-04
   8.4537628e-03   2.8568650e-01   3.8465030e-01   6.5395837e-03   6.5584410e-05   4.3106464e-04
  -6.2203297e-03   1.2906877e-01   3.1624564e-01   7.0638411e-03  -5.2845899e-06   7.3139908e-04
  -1.5848642e-02   2.9805858e-01   3.7404595e-01   7.6612119e-03   3.3047796e-04  -4.6647884e-05
  -2.1592194e-02   1.4685645e-01   3.0034058e-01   6.9984083e-03   4.9398043e-04   1.1451330e-04
  -2.0276613e-02   2.8865876e-01   3.5592673e-01   6.8574775e-03   4.1709406e-04  -8.4649814e-05
  -2.7872522e-02   1.4920163e-01   3.2824762e-01   6.3844760e-03   1.0278124e-03   2.3807974e-04
  -2.3385900e-02   2.3800377e-01   3.6661439e-01   6.2073240e-03   8.1581907e-04   1.1178449e-06
  -4.8416619e-03   2.6785788e-01   3.7676872e-01   7.0540926e-03   3.3670609e-04   3.5959191e-04
  -1.4172919e-02   2.3983301e-01   3.2701176e-01   6.8443106e-03   9.1579348e-06   5.2887334e-05
  -2.5524543e-02   1.7678576e-01   3.4953093e-01   6.2220515e-03  -2.3466124e-04   5.5393363e-04
  -1.3079643e-02   3.2050597e-01   4.1113515e-01   6.0958335e-03   2.7929371e-04   5.6347445e-04
  -1.5633051e-02   1.6182547e-01   3.0807405e-01   5.9313758e-03   4.4474501e-05   5.9614511e-04
   3.9782133e-03   2.9048731e-01   4.0254803e-01   6.0292763e-03   5.3895240e-04   5.6455683e-04
  -1.3384503e-02   1.7317729e-01   3.6924275e-01   6.3426504e-03   6.5275772e-04   6.2810170e-04
  -1.4318733e-02   3.1240267e-01   4.1408187e-01   5.6803618e-03   3.8725006e-04   4.7912058e-04
  -2.5843489e-02   2.6623691e-01   3.5209534e-01   6.3114038e-03   6.9514352e-04   4.7062660e-04
  -2.0968782e-02   3.3689029e-01   4.0695394e-01   6.1078802e-03   8.0334434e-04   3.9951512e-04
  -3.1119600e-02   2.1835104e-01   3.4392251e-01   6.3992538e-03   4.9165623e-04   3.0310847e-04
  -2.3658873e-02   3.2814935e-01   3.9429116e-01   6.0345286e-03   3.8532538e-04   5.9733209e-05
  -3.3643946e-02   2.8460454e-01   3.2554960e-01   7.0617619e-03  -7.0318682e-05  -2.1092622e-04
  -2.6857693e-02   2.9277401e-01   3.8741773e-01   6.6370904e-03   4.8790875e-04   9.9265866e-06
  -2.7486155e-02   2.6992800e-01   3.8535636e-01   6.4064273e-03   4.4732265e-04  -4.4919944e-04
  -2.2599601e-02   3.2641448e-01   3.6217562e-01   6.9041238e-03   6.3393300e-07  -7.4423661e-04
  -2.2062289e-02   2.7270788e-01   3.3084139e-01   6.6074341e-03   4.4133158e-05  -4.1386881e-04
  -1.5451498e-02   3.7410884e-01   3.7660431e-01   7.0711183e-03  -1.5658213e-05  -5.3399835e-04
  -2.8802592e-02   2.1193806e-01   3.2990489e-01   6.3593912e-03   9.3954452e-05  -5.2325268e-04
  -1.6559023e-02   3.6346504e-01   3.5540507e-01   6.4228549e-03   2.5585773e-04  -6.7814790e-04
  -2.6828469e-02   3.1014014e-01   3.4007538e-01   6.4284724e-03   2.1770736e-04  -5.3313962e-04
  -2.9585167e-02   3.3386544e-01   3.4818917e-01   6.7653072e-03   2.3654225e-04  -5.9724745e-04
  -2.0132625e-02   3.6026040e-01   4.2253561e-01   5.8928059e-03   2.6360976e-04  -4.5802856e-04
  -2.4141591e-02   2.9356751e-01   3.5179405e-01   6.5204059e-03   2.9530007e-04  -4.2731874e-04
  -2.0248551e-02   3.8915376e-01   4.0018073e-01   6.4647072e-03   2.5158438e-04  -3.8320230e-04
  -2.0922728e-02   3.2626169e-01   3.2403827e-01   6.7102188e-03   1.9800474e-04  -2.2098174e-04
  -3.9842171e-02   2.6000843e-01   3.5773034e-01   6.8728827e-03   3.7161262e-04  -8.0059160e-05
  -1.2901691e-02   4.2547475e-01   4.3115104e-01   7.0100818e-03   3.3462817e-04  -1.4102625e-04
  -1.7267071e-02   2.6197175e-01   3.3863088e-01   7.9823647e-03   3.2980721e-04  -5.6477842e-05
  -6.4764373e-03   3.7760112e-01   4.0384557e-01   7.4907317e-03   6.2384690e-04  -2.1079238e-05
  -2.0255843e-02   2.8167417e-01   3.5685258e-01   7.1123434e-03   5.0145392e-04   1.7310647e-04
  -6.3267321e-03   4.0030033e-01   3.9043477e-01   7.2071028e-03   5.6733228e-04   2.0517747e-04
  -5.9078097e-03   2.9851990e-01   3.4886864e-01   6.8548678e-03   9.3535572e-04   3.5964264e-04
  -1.9035318e-02   3.5069462e-01   3.4624760e-01   6.9477843e-03   8.4982401e-04   2.4276328e-04
  -6.2937331e-03   4.1723180e-01   3.9997395e-01   6.2819091e-03   6.6250575e-04   1.2370908e-04
  -2.2670590e-02   2.9755376e-01   3.1721942e-01   6.4408724e-03   2.3785659e-04  -3.3543444e-05
  -1.7247413e-02   3.1394657e-01   3.8760017e-01   5.9321178e-03   4.5125449e-04   5.3286501e-05
  -1.0634326e-02   4.1039168e-01   3.9334882e-01   7.3381077e-03   5.9700442e-04  -1.4242908e-04
  -1.3791826e-02   3.3744187e-01   3.7143078e-01   5.9112667e-03   7.7106358e-04   6.6458355e-05
  -9.7300386e-03   3.5936114e-01   3.5351277e-01   5.9825905e-03   4.0735602e-04   2.5846455e-05
  -1.3071595e-03   4.4215986e-01   3.9632956e-01   5.7698069e-03   5.4348011e-04   2.4306876e-04
  -2.1004712e-02   3.0955643e-01   3.5885124e-01   5.7600624e-03   6.5192230e-04   2.7528120e-04
  -1.7533761e-02   4.7874895e-01   4.3840041e-01   6.0397146e-03   6.7173339e-04  -4.9061735e-05
  -2.1913767e-02   3.2313073e-01   3.9214791e-01   5.6453733e-03   1.1625549e-03  -4.2362043e-04
  -9.0909732e-03   3.8460277e-01   4.3075026e-01   6.4884830e-03   1.3827782e-03  -9.2934124e-05
  -5.4688156e-03   4.3532857e-01   4.3441918e-01   7.5961493e-03   7.2177107e-04  -2.3265495e-04
  -1.4567140e-02   2.8093562e-01   3.5790287e-01   7.0367721e-03   9.8805272e-04  -3.6773936e-04
   3.2756901e-04   4.2420899e-01   4.7021638e-01   6.9146109e-03   8.4569407e-04  -1.5910219e-04
   1.1761975e-02   3.8758924e-01   4.5378694e-01   7.1721871e-03   6.5578928e-04  -3.2349641e-04
   9.8066840e-04   3.2982842e-01   4.2046555e-01   6.6949074e-03   6.0984557e-04  -1.6208808e-04
   1.7253114e-02   4.7316679e-01   5.4270631e-01   7.5738276e-03   9.2584182e-04  -2.5483072e-04
   2.1922733e-02   2.9644003e-01   4.7912215e-01   7.1444237e-03   1.2192867e-03   2.7214837e-04
   3.0324141e-02   4.9799302e-01   5.8575327e-01   7.7341455e-03   1.3057123e-03   1.4791371e-04
   2.4755258e-02   3.4408060e-01   4.9700372e-01   7.3595531e-03   1.0629988e-03   2.6795866e-04
   2.7731755e-02   5.4944414e-01   5.7784273e-01   7.8410226e-03   1.2194442e-03   3.9752745e-04
   1.3217029e-02   3.3124514e-01   4.3891690e-01   7.8919390e-03   8.7599503e-04   4.5727289e-04
   3.6058988e-02   5.5994495e-01   5.7038606e-01   7.8688769e-03   7.6515883e-04   8.4909826e-04
   2.0649897e-02   3.5110358e-01   4.4973659e-01   7.2175338e-03   9.6777058e-04   8.4000876e-04
   2.6543356e-02   4.5572967e-01   5.4671922e-01   7.4859786e-03   1.1233024e-03   4.8224464e-04
   2.3482962e-02   4.5079975e-01   5.3569353e-01   7.3141664e-03   1.2592566e-03   5.7270294e-04
   2.8979393e-02   3.9753790e-01   4.8502098e-01   7.6955281e-03   9.7089040e-04   6.5050867e-04
   3.2862977e-02   4.1694723e-01   5.1129530e-01   7.1840906e-03   9.5909331e-04   7.8711015e-04
   4.6798145e-02   4.6602146e-01   5.3084114e-01   8.5926687e-03   9.2477805e-04   7.5169266e-04
   5.3275475e-02   4.6503314e-01   5.5700000e-01   7.2318013e-03   1.0889387e-03   8.0694458e-04
   3.2933809e-02   3.9994898e-01   5.0822425e-01   7.4780732e-03   6.3581369e-04   6.1395476e-04
   2.9945284e-02   4.8583819e-01   6.0395735e-01   7.1101775e-03   7.8235338e-04   9.2788359e-04
   2.2514751e-02   4.3476107e-01   5.4057572e-01   7.7170321e-03   7.5503939e-04   6.8662192e-04
   8.5654714e-03   4.6384535e-01   5.7404482e-01   7.1425270e-03   1.0851720e-03   7.0204303e-04
   1.0943494e-02   4.5298273e-01   5.2596710e-01   7.6756422e-03   1.0658866e-03   7.9865058e-04
   1.5976740e-02   4.7075030e-01   5.6145845e-01   7.5959466e-03   8.4170151e-04   8.2104139e-04
   1.5869331e-02   4.6528128e-01   5.3811040e-01   7.7682286e-03   7.5338921e-04   1.1182606e-03
   1.0529998e-02   4.3720583e-01   5.6964803e-01   7.7963894e-03   1.0822464e-03   1.4032730e-03
   1.1052950e-02   4.9694879e-01   5.8837946e-01   8.1667032e-03   1.4841519e-03   8.7487485e-04
   7.1508784e-03   5.0640044e-01   6.1749080e-01   7.9350435e-03   1.6138990e-03   8.8635019e-04
   8.6734368e-03   3.9287286e-01   5.2855668e-01   8.0944105e-03   1.3932517e-03   8.7701522e-04
   1.8650863e-02   4.7839365e-01   5.9445187e-01   8.0580705e-03   1.5150548e-03   1.1697988e-03
   2.0799813e-02   3.9426467e-01   5.2038614e-01   8.0066777e-03   1.7296959e-03   1.1680478e-03
   2.7989012e-02   5.3788899e-01   6.3684083e-01   8.4629686e-03   1.7285165e-03   1.2155228e-03
   6.7381522e-03   3.7902531e-01   5.2360222e-01   8.3064849e-03   1.3417975e-03   9.0209625e-04
   6.2944089e-03   5.2153409e-01   5.9369206e-01   8.8160219e-03   1.3830843e-03   1.1521963e-03
   1.4657314e-02   4.2456461e-01   5.4479962e-01   8.2470088e-03   1.6387879e-03   1.2333872e-03
   2.5352934e-02   5.4615395e-01   6.3908953e-01   8.4510310e-03   1.6339676e-03   1.0122423e-03
   2.2853110e-02   4.3310711e-01   5.9850422e-01   8.3459822e-03   1.7262210e-03   1.2349865e-03
   2.7594045e-02   5.1147077e-01   6.0468572e-01   8.7083681e-03   1.8369749e-03   9.7873701e-04
   2.3649296e-02   5.5536172e-01   6.0262912e-01   8.2483041e-03   1.5127351e-03   1.1673653e-03
   1.5959970e-02   4.7890927e-01   5.5368798e-01   9.0009575e-03   1.4072653e-03   1.3610140e-03
   2.9393815e-02   5.6376535e-01   6.5921595e-01   9.1995597e-03   1.8726078e-03   1.3568417e-03
   2.4164869e-02   4.4069050e-01   5.6612086e-01   8.8464452e-03   1.9164013e-03   1.3390518e-03
   3.0671803e-02   4.9452106e-01   5.7885617e-01   9.2975478e-03   1.4731489e-03   1.2237345e-03
   2.7372190e-02   5.4805571e-01   6.2029723e-01   8.9245795e-03   1.3914489e-03   1.4366364e-03
   2.2220406e-02   4.5519592e-01   5.2801373e-01   9.3308655e-03   1.5035949e-03   1.4416890e-03
   2.5118783e-02   5.1798499e-01   6.1333082e-01   9.6633754e-03   1.3394759e-03   1.4795146e-03
   2.2212926e-02   4.6619240e-01   5.7857886e-01   9.2923018e-03   1.6327687e-03   1.5401618e-03
   1.8823583e-02   5.4658521e-01   6.1046417e-01   1.0254134e-02   8.7415726e-04   8.5654745e-04
  -7.2931503e-04   4.2426250e-01   5.5694138e-01   1.0274591e-02   9.9770739e-04   1.0375902e-03
   1.2711228e-03   5.7856792e-01   5.9231702e-01   1.1019999e-02   7.4860509e-04   7.6225804e-04
   1.5161128e-02   5.5184282e-01   6.2578004e-01   1.0807236e-02   1.1098957e-03   8.2851743e-04
  -1.0350913e-02   4.6410798e-01   5.6184605e-01   1.1134938e-02   7.0022079e-04   6.6653204e-04
   4.9718315e-03   5.9079313e-01   6.4857696e-01   1.0618079e-02   8.5115962e-04   6.5290553e-04
   1.0446592e-02   4.6355291e-01   5.5353174e-01   1.0845673e-02   7.7190637e-04   1.0446163e-03
   1.8955906e-02   6.3897577e-01   6.5625432e-01   1.0782019e-02   1.1842638e-03   8.4245105e-04
   1.3386972e-02   4.2637321e-01   5.0824167e-01   1.0627397e-02   8.8466582e-04   8.5532404e-04
   2.4628255e-02   5.6678504e-01   6.7188032e-01   1.0590097e-02   1.3498602e-03   9.3341278e-04
   8.7321827e-03   4.6795287e-01   6.3611458e-01   1.1002572e-02   9.0047979e-04   5.8314290e-04
   2.4219696e-02   5.9401328e-01   6.8339481e-01   1.1137529e-02   1.0310003e-03   4.9610000e-04
   9.4302237e-03   4.4552575e-01   5.7463530e-01   1.1258850e-02   5.0956501e-04   3.9426207e-04
   3.0191033e-02   6.3959768e-01   7.0887427e-01   1.0792827e-02   5.5931488e-04   4.3764963e-04
   2.4514675e-02   5.0329850e-01   5.7733061e-01   1.0973376e-02   2.8003870e-04   3.9790631e-04
   2.5167960e-02   5.6486630e-01   6.5351492e-01   1.0579435e-02   4.1464420e-04   5.1050012e-04
  -3.5267284e-03   5.5880701e-01   6.3106463e-01   1.1462314e-02   7.7869050e-04  -2.3190809e-05
  -1.4003484e-02   5.7026545e-01   6.4289347e-01   1.1643176e-02   5.8716984e-04   1.7245127e-04
   9.0968732e-04   6.1681664e-01   6.1908508e-01   1.1352247e-02   3.7288400e-04   8.0341901e-05
   1.4564981e-02   6.5147906e-01   6.8877017e-01   1.1112300e-02   6.7892122e-04   1.6797091e-04
   3.3461373e-03   5.4122152e-01   5.9062487e-01   1.1234524e-02   8.1122473e-04   7.7933243e-05
   1.1750947e-03   6.0605106e-01   6.7263440e-01   1.0874882e-02   1.0442910e-03   1.2747839e-05
  -3.5336490e-02   6.6940430e-01   6.3741955e-01   1.2835655e-02   7.5690966e-04  -9.3478491e-04
  -4.8993651e-02   5.9882159e-01   6.0630500e-01   1.0806565e-02   1.3019364e-03  -6.0995795e-04
  -5.8152877e-02   6.2154482e-01   6.1844153e-01   1.1223771e-02   1.5544173e-03  -1.0552508e-03
  -3.9551587e-02   7.4441309e-01   6.9703587e-01   1.1838183e-02   1.3070556e-03  -7.3365434e-04
  -4.4628869e-02   4.7668814e-01   5.5340689e-01   1.2191183e-02   6.8539239e-04  -8.1916891e-04
  -4.9110710e-02   5.7795065e-01   6.1751689e-01   1.1316093e-02   1.2741840e-03  -4.7207796e-04
  -2.5831137e-02   5.9675799e-01   6.1949388e-01   1.1964856e-02   1.8603554e-03  -3.8060212e-04
  -5.1808405e-03   6.4985396e-01   6.9088978e-01   1.2178856e-02   2.2626385e-03   1.4921103e-04
   3.4658639e-03   6.8010992e-01   6.5707009e-01   1.2281016e-02   2.3808258e-03  -2.2043703e-04
   2.8660634e-03   5.3717098e-01   5.5827035e-01   1.2615735e-02   2.2679897e-03   1.1787339e-04
  -9.5677903e-03   5.2862386e-01   5.8041623e-01   1.3679687e-02   1.9030199e-03   5.9040120e-04
   1.1202467e-02   7.3676883e-01   6.8191730e-01   1.2720921e-02   1.9992910e-03   5.1322124e-04
   3.6256201e-03   5.9038529e-01   5.3784814e-01   1.3316398e-02   2.0460822e-03   1.8487533e-04
   1.0575681e-02   6.4647860e-01   5.9063359e-01   1.3263598e-02   1.7183006e-03   6.9602297e-04
   1.6274639e-02   6.8059219e-01   5.8105039e-01   1.3021106e-02   1.9645949e-03   4.8267890e-04
   3.5456584e-02   6.7878656e-01   6.4022257e-01   1.2394880e-02   2.0927976e-03   1.0864766e-03
   3.2016298e-02   6.2940494e-01   6.0330025e-01   1.2875841e-02   2.7137534e-03   4.5759266e-04
   5.0420604e-02   7.1728353e-01   6.7995162e-01   1.2772438e-02   2.6542028e-03   2.8276006e-04
   3.0056175e-02   5.5695079e-01   5.6104412e-01   1.2959262e-02   2.4994442e-03   5.8585708e-05
   4.5789995e-02   7.5434452e-01   6.6296966e-01   1.2790125e-02   2.6688341e-03  -6.5130785e-06
   3.8687143e-02   5.5164477e-01   5.5163853e-01   1.2907214e-02   2.4631001e-03   2.9434899e-04
   6.8062844e-02   7.4150160e-01   6.6827506e-01   1.2828661e-02   2.7423846e-03   7.1207272e-04
   6.2712665e-02   5.6228547e-01   5.9253821e-01   1.3089996e-02   2.8019731e-03   7.7783170e-04
   6.9525025e-02   7.3343090e-01   7.0305142e-01   1.3010831e-02   2.9140485e-03   7.0393688e-04
   5.8865875e-02   6.0290344e-01   6.0785215e-01   1.3181889e-02   2.7164134e-03   9.0526678e-04
   8.0630989e-02   7.1362283e-01   6.9225412e-01   1.2845520e-02   3.1807653e-03   8.7611868e-04
   6.0635605e-02   5.8695746e-01   6.3029622e-01   1.3012273e-02   3.1436823e-03   6.9881596e-04
   9.3748926e-02   7.1700195e-01   7.1366137e-01   1.3035351e-02   3.1650899e-03   7.7324784e-04
   7.9631908e-02   6.2744729e-01   6.3341505e-01   1.3471981e-02   2.9641355e-03   1.0424261e-03
   1.0445774e-01   7.1687983e-01   6.9182049e-01   1.3214956e-02   3.2752320e-03   1.1891178e-03
   9.8219197e-02   6.4646142e-01   6.8464748e-01   1.2849785e-02   3.6127555e-03   1.2547341e-03
   9.8611151e-02   6.5921886e-01   6.7287960e-01   1.3581309e-02   3.3702897e-03   8.6411073e-04
   1.1394687e-01   7.7770556e-01   7.2272680e-01   1.3292216e-02   2.9483870e-03   8.1692228e-04
   9.9606587e-02   5.2499383e-01   5.6332738e-01   1.3423822e-02   2.2563927e-03   1.1127876e-03
   1.0340620e-01   6.0541297e-01   6.5489269e-01   1.3650268e-02   2.3927282e-03   1.6351682e-03
   1.3160100e-01   7.5582226e-01   7.1750539e-01   1.4476884e-02   2.3674238e-03   1.5568675e-03
   1.1886350e-01   5.6649650e-01   6.3187626e-01   1.3409920e-02   2.5732080e-03   1.6077103e-03
   1.4206115e-01   7.3105068e-01   7.2733311e-01   1.3506824e-02   2.7699674e-03   1.5058866e-03
   1.3459531e-01   5.8850754e-01   6.1255004e-01   1.5210473e-02   2.2619981e-03   1.6686639e-03
   1.3451145e-01   6.6657396e-01   6.9381150e-01   1.3852567e-02   2.6266562e-03   1.8036372e-03
   1.5122736e-01   6.7552585e-01   6.3373539e-01   1.4220919e-02   2.4717592e-03   1.5478556e-03
   1.6816721e-01   6.6565330e-01   6.8083850e-01   1.3800238e-02   2.5809929e-03   2.0241242e-03
   1.7153010e-01   7.2351722e-01   6.9303170e-01   1.4241763e-02   2.6382949e-03   1.7014283e-03
   1.7158467e-01   6.6206100e-01   7.1620889e-01   1.3751923e-02   2.3920169e-03   2.0061916e-03
   1.8112780e-01   7.4290411e-01   7.0353573e-01   1.4064916e-02   2.3805127e-03   1.5426609e-03
   1.7929194e-01   6.5532082e-01   6.8406819e-01   1.4089659e-02   2.5458127e-03   1.8324593e-03
   1.7683309e-01   6.8829091e-01   6.5566524e-01   1.4261212e-02   2.8031568e-03   1.5252270e-03
   1.9461377e-01   7.2854688e-01   7.2431940e-01   1.4415764e-02   2.8843773e-03   1.9297796e-03
   1.7136211e-01   6.2246187e-01   6.3281342e-01   1.4683183e-02   2.8054672e-03   1.6714438e-03
   2.0155894e-01   7.3242462e-01   7.1046340e-01   1.4577685e-02   2.9690866e-03   1.9588630e-03
   2.1111980e-01   6.5794203e-01   6.9195939e-01   1.3933500e-02   3.2469000e-03   2.3296523e-03
   2.2243238e-01   7.3502989e-01   7.2031519e-01   1.4457625e-02   3.4843572e-03   2.1341177e-03
   2.2254074e-01   6.3619966e-01   7.2679776e-01   1.3944616e-02   3.6916892e-03   2.3421818e-03
   2.3601478e-01   7.2665337e-01   7.2781211e-01   1.4461671e-02   3.5531491e-03   2.2594415e-03
   2.3192901e-01   6.7234548e-01   7.4553285e-01   1.3651037e-02   3.8989157e-03   2.1922714e-03
   2.3726997e-01   7.6020721e-01   7.6193878e-01   1.4855652e-02   4.0663295e-03   2.2285476e-03
   2.4283019e-01   6.5378456e-01   7.0580398e-01   1.5754142e-02   3.9084308e-03   2.8475724e-03
   2.6046800e-01   7.9157963e-01   7.2272913e-01   1.4856121e-02   4.0213879e-03   2.1121759e-03
   2.5984665e-01   6.5246260e-01   7.0687913e-01   1.4396537e-02   3.7750094e-03   2.7392946e-03
   2.7219382e-01   8.3180131e-01   8.0256527e-01   1.4412038e-02   3.6680604e-03   2.1802622e-03
   2.5306916e-01   6.1599081e-01   7.0426487e-01   1.4061230e-02   4.4583428e-03   2.3559041e-03
   2.6938764e-01   7.2957433e-01   7.4421335e-01   1.4582082e-02   4.4981101e-03   2.2321115e-03
   2.6806655e-01   7.6518205e-01   7.7346225e-01   1.4059095e-02   4.4457971e-03   2.0236227e-03
   2.7014903e-01   7.2053933e-01   6.9919952e-01   1.4509462e-02   4.3744578e-03   2.0492781e-03
   2.7801619e-01   6.6054669e-01   7.1156851e-01   1.4237877e-02   4.6724370e-03   2.0192100e-03
   2.9442977e-01   8.0595507e-01   7.8182218e-01   1.5664659e-02   4.1792186e-03   2.2350584e-03
   2.9977743e-01   6.4879676e-01   7.1086291e-01   1.4437798e-02   4.8223532e-03   2.1321637e-03
   3.1115230e-01   8.0935697e-01   7.9044258e-01   1.4591829e-02   4.6729508e-03   1.6916532e-03
   3.0407539e-01   6.7044500e-01   7.4873839e-01   1.4474365e-02   4.7012985e-03   2.0315011e-03
   3.2196541e-01   8.4901174e-01   8.2399151e-01   1.4652642e-02   4.7432302e-03   1.8971067e-03
   3.1535282e-01   6.7633434e-01   7.3623687e-01   1.4766085e-02   4.7473941e-03   2.1480349e-03
   3.2270207e-01   8.4007223e-01   8.0131941e-01   1.5083315e-02   4.6058889e-03   2.1546092e-03
   3.0937361e-01   6.7240308e-01   7.0148991e-01   1.5447691e-02   4.5784602e-03   2.4434068e-03
   3.3173909e-01   8.0906293e-01   7.9033149e-01   1.6136252e-02   4.3021281e-03   2.6207469e-03
   3.2837710e-01   7.6319693e-01   7.4075459e-01   1.5256814e-02   4.5629726e-03   2.3739866e-03
   3.3633590e-01   7.8839417e-01   7.8120025e-01   1.4834587e-02   4.9077850e-03   2.3961579e-03
   3.2363901e-01   7.1671438e-01   7.5737663e-01   1.4934486e-02   4.8522515e-03   2.3178290e-03
   3.2897585e-01   8.3859683e-01   7.8649174e-01   1.5478012e-02   4.4198960e-03   2.0306563e-03
   3.2859044e-01   7.0242580e-01   7.0087255e-01   1.5160186e-02   4.5340268e-03   2.1692640e-03
   3.4345296e-01   8.7079168e-01   8.0038216e-01   1.5554706e-02   4.5059383e-03   2.0832962e-03
   3.3276145e-01   6.4125115e-01   7.0241544e-01   1.5768457e-02   4.6955071e-03   2.2639389e-03
   3.5741917e-01   8.6583076e-01   8.0529924e-01   1.5778829e-02   4.5893628e-03   2.0502551e-03
   3.2329038e-01   6.7502700e-01   7.0439162e-01   1.5977540e-02   4.2704974e-03   2.2830313e-03
   3.4369030e-01   8.5083240e-01   7.9342467e-01   1.5966799e-02   4.3747620e-03   2.2705078e-03
   3.3348059e-01   7.6617401e-01   7.3717364e-01   1.6261991e-02   4.3951732e-03   1.9632909e-03
   3.2948066e-01   7.4549963e-01   7.6690683e-01   1.6121366e-02   4.6408348e-03   2.0457902e-03
   3.3905329e-01   8.6685613e-01   8.2398780e-01   1.6568605e-02   4.5197930e-03   1.7536967e-03
   3.3122881e-01   7.1744444e-01   7.7074805e-01   1.6327290e-02   4.3328211e-03   1.8455576e-03
   3.4208722e-01   7.9251308e-01   7.2898809e-01   1.6834401e-02   4.4133014e-03   1.7118577e-03
   3.6374060e-01   8.1906664e-01   7.7909210e-01   1.6551784e-02   4.1339750e-03   2.0761923e-03
   3.2937813e-01   7.4320422e-01   7.7538597e-01   1.6529259e-02   4.5739840e-03   1.1254615e-03
   3.3931382e-01   8.5541679e-01   8.3054075e-01   1.7002036e-02   4.2700708e-03   1.1213728e-03
   3.1978339e-01   6.6650807e-01   6.5957428e-01   1.6757489e-02   4.6793951e-03   1.3133471e-03
   3.4716041e-01   9.1546103e-01   7.9036779e-01   1.7355980e-02   4.6620201e-03   1.2846075e-03
   3.3505923e-01   6.3417065e-01   6.5518948e-01   1.7072094e-02   4.8112171e-03   1.1701670e-03
   3.5259541e-01   7.7569127e-01   7.3867157e-01   1.6567732e-02   4.7252863e-03   1.5061961e-03
   3.5319508e-01   7.7341840e-01   7.4541223e-01   1.7006564e-02   5.1609178e-03   1.4171547e-03
   3.7315358e-01   8.3740809e-01   8.4321086e-01   1.6947832e-02   5.0350246e-03   1.4535039e-03
   3.5784510e-01   7.0341970e-01   8.1906210e-01   1.7024406e-02   4.7440227e-03   1.6041181e-03
   3.9804325e-01   8.4711283e-01   8.5232332e-01   1.8435718e-02   4.7975875e-03   1.7215422e-03
   3.7992335e-01   7.7108638e-01   8.0494995e-01   1.6833849e-02   4.5195050e-03   1.5696069e-03
   3.9152535e-01   8.3387069e-01   7.9046849e-01   1.7423521e-02   4.6083726e-03   1.3169206e-03
   3.8639205e-01   7.7043529e-01   7.9680892e-01   1.7096869e-02   4.6568476e-03   1.5606321e-03
   3.8951697e-01   8.5726474e-01   8.2722232e-01   1.7528012e-02   4.7661115e-03   1.3758319e-03
   3.8525708e-01   8.3270875e-01   8.3795234e-01   1.6748796e-02   5.0716689e-03   1.5441644e-03
   3.8120806e-01   8.0834611e-01   8.0447694e-01   1.7112833e-02   5.4005858e-03   9.8537551e-04
   3.9622024e-01   8.3697165e-01   8.5008422e-01   1.6436950e-02   5.3027518e-03   9.5223702e-04
   3.9455862e-01   8.3018415e-01   7.6996787e-01   1.7155861e-02   5.3103174e-03   8.8769699e-04
   3.9833621e-01   8.1018208e-01   7.9705961e-01   1.6718183e-02   5.4866424e-03   1.0982875e-03
   4.2184250e-01   8.7748736e-01   8.1246539e-01   1.6875054e-02   5.6919744e-03   8.6099404e-04
   4.1346505e-01   6.9835368e-01   7.4931808e-01   1.6880732e-02   6.1220357e-03   1.1261626e-03
   4.3976763e-01   9.1085754e-01   8.2970834e-01   1.7161084e-02   5.8609001e-03   8.2268287e-04
   4.2088942e-01   6.9531888e-01   7.5071749e-01   1.7552432e-02   5.8881739e-03   1.0699325e-03
   4.4154966e-01   8.6975352e-01   8.5818068e-01   1.7076974e-02   5.8325721e-03   9.7196735e-04
   4.3792427e-01   7.9275809e-01   8.3500822e-01   1.6905685e-02   5.7981877e-03   1.3057051e-03
   4.4863671e-01   8.2704335e-01   8.2739343e-01   1.7641516e-02   6.0582086e-03   1.1199836e-03
   4.4786424e-01   9.0767118e-01   8.7802904e-01   1.7538384e-02   6.1755982e-03   1.0003877e-03
   4.4178241e-01   7.9422621e-01   8.1096218e-01   1.7596018e-02   6.3108618e-03   9.9200250e-04
   4.4043158e-01   9.7686075e-01   8.6077880e-01   1.7851604e-02   5.8320527e-03   7.7631500e-04
   4.2837079e-01   7.1310776e-01   7.1692247e-01   1.7703124e-02   6.1812159e-03   7.4648532e-04
   4.4610319e-01   8.8583641e-01   8.0728003e-01   1.7581586e-02   5.9323576e-03   7.2671279e-04
   4.4010533e-01   8.2782958e-01   7.7511582e-01   1.7412855e-02   6.1159968e-03   8.1370427e-04
   4.4459081e-01   8.6383807e-01   7.7227664e-01   1.8274778e-02   5.8557895e-03   4.7095089e-04
   4.3378113e-01   8.3952449e-01   7.9192982e-01   1.7543690e-02   5.7086312e-03   6.8057286e-04
   4.3080920e-01   8.2633531e-01   7.4645119e-01   1.7842140e-02   5.6080791e-03   6.3174655e-04
   4.5666654e-01   8.9551877e-01   8.3587885e-01   1.7717609e-02   5.5690979e-03   5.9043588e-04
   4.5059816e-01   8.0766121e-01   7.6372554e-01   1.8759346e-02   5.2962438e-03   6.8883440e-04
   4.4809356e-01   8.2244597e-01   7.7600350e-01   1.9146598e-02   5.7463650e-03   7.9300529e-04
   4.4161039e-01   9.0611023e-01   7.8301355e-01   1.8768878e-02   5.4481700e-03   5.5563794e-04
   4.3706597e-01   8.7631553e-01   8.0775376e-01   1.7950743e-02   5.9372118e-03   5.3334739e-04
   4.3880610e-01   8.9203692e-01   7.8446144e-01   1.8201827e-02   5.7162741e-03   3.8205834e-04
   4.5715245e-01   9.5868777e-01   8.5177185e-01   1.7821767e-02   5.4857510e-03   6.0481965e-04
   4.6192766e-01   9.1927910e-01   8.1226331e-01   1.8284780e-02   5.2497317e-03   3.4931089e-04
   4.6384614e-01   8.8890521e-01   8.2577865e-01   1.7624216e-02   5.4429642e-03   6.8970694e-04
   4.6998775e-01   9.4817257e-01   8.2658250e-01   1.8170823e-02   5.6963726e-03   2.9541587e-04
   4.8897507e-01   9.5861585e-01   8.5080415e-01   1.7928619e-02   5.5193583e-03   3.5626227e-04
   4.8845695e-01   8.7388851e-01   8.1401097e-01   1.8525424e-02   5.6435941e-03   3.3081500e-04
   4.9873513e-01   9.0719640e-01   8.4931974e-01   1.7847495e-02   5.7051691e-03   5.7374640e-04
   5.0021980e-01   9.2624020e-01   8.1725438e-01   1.8325867e-02   5.7927805e-03   4.4708140e-04
   5.1567024e-01   9.3292398e-01   8.5187125e-01   1.7230132e-02   5.9158108e-03   7.8376866e-04
   5.2753519e-01   9.2802582e-01   8.1660405e-01   1.7860078e-02   5.9241457e-03   8.6583070e-04
   5.2965850e-01   9.1396365e-01   8.3505882e-01   1.7265229e-02   6.0474512e-03   8.3079559e-04
   5.2392675e-01   9.4690582e-01   8.2859174e-01   1.8725093e-02   5.9558425e-03   7.9844722e-04
   5.2424171e-01   9.7541331e-01   8.5976368e-01   1.7017232e-02   5.7618977e-03   6.2621150e-04
   5.2447342e-01   9.2360476e-01   7.9295315e-01   1.7898029e-02   6.0916328e-03   7.5040657e-04
